30
0.7
0.0049 0.0062 1.44
0.016 0.0098 7.37
0.0049 0.0062 1.44
0.0031 0.0026 8.27
0.0031 0.0026 14.3
0.001033 0.0007 1.516666667
0.001033 0.0007 1.516666667
0.001033 0.0007 1.516666667
0.001033 0.0007 0.059666667
0.001033 0.0007 0.059666667
0.001033 0.0007 0.059666667
0.0011 0.0009 0.62
0.0011 0.0009 0.62
0.00055 0.00038 0.19375
0.00055 0.00038 0.19375
0.00055 0.00038 0.19375
0.00055 0.00038 0.19375
0.0011 0.00095 0.665
0.0011 0.00095 0.665
0.0011 0.00067 0.02355
0.0011 0.00067 0.02355
0.0009 0.00135 1.07
0.0013 0.00135 0.365
0.0009 0.00067 2.585
0.0009 0.00067 2.585
0.0018 0.00223 7.7
0.0009 0.00155 0.0354
0.0013 0.00095 3.46
0.00065 0.0006 0.2
0.00065 0.0006 0.2
